1684589159.862265 0 84291.6141039 84291.6141039
1684589159.928440 0 54132.5945165 54132.5945165
1684589166.396728 0 246468.9083515 246468.9083515
1684589168.469162 0 65334.5678678 65334.5678678
1684589168.535875 0 72231.8101074 72231.8101074
1684589170.070294 0 114549.1238901 114549.1238901
1684589170.137009 0 145938.1228708 145938.1228708
1684589171.671421 0 125790.0942907 125790.0942907
1684589171.738132 0 106025.6247550 106025.6247550
1684589173.686228 0 294880.3489338 294880.3489338
1684589175.164481 0 63016.8502185 63016.8502185
1684589175.231676 0 253643.4964876 253643.4964876
1684589176.777132 0 132063.6693933 132063.6693933
1684589176.844327 0 199433.3548814 199433.3548814
1684589178.860902 0 556301.2567906 556301.2567906
1684589178.928292 0 913261.3570589 913261.3570589
1684589180.677147 0 507461.7075057 507461.7075057
1684589180.744326 0 1005697.8533350 1005697.8533350
1684589182.155026 0 983201.7321967 983201.7321967
1684589182.222200 0 893727.9449853 893727.9449853
1684589183.565645 0 1805439.1385641 1805439.1385641
1684589183.632814 0 959172.7547801 959172.7547801
1684589184.976266 0 1267904.3018580 1267904.3018580
1684589185.042962 0 1227864.8476213 1227864.8476213
1684589185.976704 0 0.0000000 511.9170826
1684589186.043401 0 175.5806945 511.9170826
1684589186.977151 0 0.0000000 678.2792932
1684589187.043847 0 0.0000000 678.2792932
1684589187.977579 0 85062.7202594 85062.7202594
1684589188.044273 0 262142.5304531 262142.5304531
1684589189.311458 0 16910.0876175 16910.0876175
1684589190.712061 0 188699.4286979 188699.4286979
1684589191.712496 0 126069.8502056 126069.8502056
1684589192.779592 0 203800.9332035 203800.9332035
1684589192.846288 0 1037.8584536 1037.8584536
1684589193.780003 0 2.6829345 276.2819257
1684589193.846695 0 0.0000000 276.2819257
1684589195.114728 0 17366.5314610 17366.5314610
1684589196.516513 0 4443.9236085 4443.9236085
1684589197.450516 0 0.0000000 521.2303199
1684589197.517231 0 16266.3009711 16266.3009711
1684589198.584661 0 1957.9647312 1957.9647312
1684589199.652069 0 25.8087080 239.7980917
1684589199.718782 0 15502.2798697 15502.2798697
1684589201.053053 0 269190.3342259 269190.3342259
1684589201.119769 0 314117.4216025 314117.4216025
1684589202.455046 0 164948.9721581 164948.9721581
1684589202.522242 0 247789.2876576 247789.2876576
1684589203.597354 0 56937.6699759 56937.6699759
1684589204.874049 0 402636.2121440 402636.2121440
1684589204.941246 0 378001.8277753 378001.8277753
1684589206.486782 0 115277.8725578 115277.8725578
1684589207.763489 0 0.0000000 162.1775382
1684589207.830685 0 0.0000000 162.1775382
1684589209.376172 0 12310.7981708 12310.7981708
1684589209.443365 0 5585.3206826 5585.3206826
1684589211.392003 0 0.0000000 492.6589002
1684589212.601491 0 93172.4735970 93172.4735970
1684589214.012565 0 181250.0639311 181250.0639311
1684589215.356531 0 0.0000000 806.6159514
1684589215.423732 0 0.0000000 806.6159514
1684589216.498844 0 83537.5384153 83537.5384153
1684589217.909899 0 0.0000000 561.9844481
1684589219.388187 0 7826.7164807 7826.7164807
1684589221.000873 0 0.0000000 635.6698756
1684589222.882353 0 0.0000000 409.2091835
1684589222.949547 0 0.0000000 409.2091835
1684589224.495094 0 0.0000000 607.1188208
1684589226.107743 0 0.0000000 544.9215493
1684589228.392331 0 0.0000000 492.7152968
1684589231.684864 0 7.3593517 290.3525264
1684589233.902215 0 0.0000000 521.1862105
1684589235.582084 0 0.0000000 8.0152846
1684589235.649280 0 0.0000000 173.0655890
1684589237.185629 0 0.0000000 242.7198487
1684589238.786782 0 254.2246648 254.2246648
1684589240.854948 0 6830.7035786 6830.7035786
1684589240.921660 0 0.0000000 448.2363765
1684589242.456104 0 43169.3175195 43169.3175195
1684589242.522820 0 58975.5172421 58975.5172421
1684589244.057229 0 1181.0613799 1181.0613799
1684589244.123941 0 50719.9956705 50719.9956705
1684589245.991928 0 0.0000000 13.4256720
1684589247.659821 0 496597.4391049 496597.4391049
1684589247.726534 0 124039.6164645 124039.6164645
1684589250.662001 0 6.9823760 6.9823760
1684589250.728717 0 0.0000000 4.5016179
1684589252.263167 0 0.0000000 65.3190756
1684589252.329882 0 0.0000000 65.3190756
1684589253.797593 0 0.0000000 15.6163410
1684589255.265334 0 0.0000000 2.5931495
1684589255.332050 0 0.0000000 2.5931495
1684589256.999912 0 0.0000000 2.4464126
1684589259.068095 0 0.6944920 7.0264567
1684589259.134810 0 0.0000000 7.0264567
1684589260.677413 0 0.0000000 2.9996015
1684589260.744608 0 0.0000000 2.9996015
1684589262.353455 0 0.0000000 23.7788671
1684589262.420170 0 0.0000000 23.7788671
1684589263.954618 0 0.0000000 20.6220522
1684589264.021332 0 0.0000000 20.6220522
1684589266.089487 0 1.8150436 318.6753486
1684589267.690624 0 97620.3198169 97620.3198169
1684589269.291737 0 0.0000000 20.8866743
1684589271.359901 0 813.8481810 813.8481810
1684589271.426616 0 98515.3913212 98515.3913212
1684589272.961095 0 32.4353417 32.4353417
1684589273.027810 0 125263.6518643 125263.6518643
1684589274.695657 0 0.0000000 1.3278702
1684589276.363494 0 24300.5631296 24300.5631296
1684589276.430208 0 10679.3403736 10679.3403736
1684589277.897945 0 17193.9341361 17193.9341361
1684589279.098818 0 27948.7620130 27948.7620130
1684589280.299690 0 279686.2421105 279686.2421105
1684589281.767406 0 1277156.2863225 1277156.2863225
1684589281.834120 0 1936500.2293883 1936500.2293883
1684589283.902222 0 48718.3386764 48718.3386764
1684589285.103070 0 183635.9721174 183635.9721174
1684589286.103787 0 27302.4514304 27302.4514304
1684589287.371381 0 49278.7366339 49278.7366339
1684589287.438097 0 67987.8659265 67987.8659265
1684589288.372139 0 0.0000000 0.2769477
1684589288.438857 0 0.0000000 0.2769477
1684589289.372880 0 0.0000000 1.2266625
1684589289.439595 0 0.0000000 1.2266625
1684589290.507043 0 0.0000000 0.4641577
1684589291.707867 0 0.0000000 0.9262462
1684589293.108864 0 0.0000000 0.3386020
1684589294.109596 0 0.0000000 1.8233277
1684589295.110905 0 36788.4463674 36788.4463674
1684589296.180061 0 0.0000000 0.5645444
1684589296.246759 0 0.0000000 0.5645444
1684589297.180532 0 0.0000000 0.1089102
1684589297.247231 0 0.0000000 0.1089102
1684589298.714597 0 0.0000000 18.2361261
1684589299.781745 0 0.0000000 7.6204896
1684589299.848440 0 0.0000000 7.6204896
1684589300.915608 0 0.0000000 3.9214789
1684589301.916089 0 0.0000000 1.7677354
1684589302.916579 0 0.0000000 1.2835801
1684589304.383996 0 0.0000000 0.6944804
1684589305.451200 0 0.0000000 52.0711642
1684589305.517900 0 0.0000000 52.0711642
1684589306.585110 0 0.0000000 68.4358293
1684589307.585596 0 0.0000000 67.5652857
1684589308.652763 0 0.0000000 30.5042539
1684589308.719460 0 0.0000000 30.5042539
1684589310.053440 0 0.0000000 333.0596318
1684589310.120141 0 0.0000000 333.0596318
1684589311.262796 0 0.0000000 104.2606872
1684589311.330069 0 0.0000000 104.2606872
1684589312.405294 0 0.0000000 24.3951948
1684589313.606173 0 0.0000000 47.2813964
1684589314.606897 0 0.0000000 176.0312632
1684589316.007917 0 11.3752949 230.7989403
1684589317.012968 0 4.8107427 386.4642413
1684589318.088123 0 0.0000000 172.7699746
1684589319.297652 0 0.0000000 262.2276377
1684589320.305100 0 0.0000000 228.5972071
1684589321.706089 0 0.0000000 334.3748508
1684589322.773497 0 0.0000000 242.0867300
1684589322.840210 0 0.0000000 242.0867300
1684589323.778026 0 0.0000000 126.0412044
1684589323.845218 0 0.0000000 126.0412044
1684589324.853119 0 0.0000000 268.7781269
1684589324.920313 0 0.0000000 268.7781269
1684589325.995412 0 0.0000000 483.8207084
1684589327.473706 0 0.0000000 343.2977458
1684589327.540901 0 0.0000000 343.2977458
1684589328.477779 0 0.0000000 330.9282845
1684589328.544492 0 0.0000000 330.9282845
1684589333.214504 0 0.0000000 128.7940748
1684589334.281948 0 0.0000000 153.9785899
1684589334.348664 0 0.0000000 153.9785899
1684589335.282707 0 0.0000000 69.5507077
1684589335.349426 0 0.0000000 69.5507077
1684589336.283473 0 0.0000000 42.2468291
1684589337.284198 0 0.0000000 62.7228375
1684589338.685190 0 0.0000000 159.5847964
1684589339.752588 0 0.0000000 184.8364064
1684589339.819300 0 0.0000000 184.8364064
1684589340.886718 0 0.0000000 74.8738885
1684589342.154279 0 0.0000000 10.8498435
1684589342.220995 0 0.0000000 10.8498435
1684589343.355153 0 0.0000000 29.5707076
1684589343.421867 0 0.0000000 29.5707076
1684589344.756169 0 0.0000000 2.1790513
1684589344.822885 0 0.0000000 2.1790513
1684589345.756874 0 0.0000000 8.4459201
1684589345.823587 0 0.0000000 8.4459201
1684589347.891733 0 0.0000000 1.6672027
1684589349.092614 0 0.0000000 1.9340534
1684589350.560431 0 0.0000000 13.5485328
1684589350.627149 0 0.0000000 13.5485328
1684589351.561173 0 0.0000000 86.7946891
1684589351.627889 0 0.0000000 86.7946891
1684589352.695326 0 0.0000000 50.3024069
1684589354.096330 0 239217.9887500 239217.9887500
1684589355.897661 0 0.0000000 4.3693901
1684589357.298709 0 3635.5268491 3635.5268491
1684589358.366192 0 563.3508243 563.3508243
1684589358.432909 0 227360.0289342 227360.0289342
1684589359.366929 0 0.0000000 177.5695647
1684589359.433643 0 81.1032111 177.5695647
1684589360.367676 0 0.0000000 122.4470723
1684589360.434395 0 0.0000000 122.4470723
1684589361.902063 0 0.0000000 177.0853918
1684589363.102919 0 0.0000000 336.6397242
1684589364.103578 0 0.0000000 241.7342988
1684589365.104245 0 0.0000000 95.6120255
1684589366.171714 0 0.0000000 211.7545970
1684589366.238430 0 0.0000000 211.7545970
1684589367.706161 0 0.0000000 630.7427525
1684589369.173833 0 0.0000000 384.3778253
1684589369.240549 0 0.0000000 384.3778253
1684589370.574842 0 0.0000000 1039.6992995
1684589370.641556 0 0.0000000 1039.6992995
1684589372.109244 0 0.0000000 658.8461825
1684589373.710443 0 0.0000000 413.2698110
1684589376.912772 0 0.0000000 28.6762008
1684589378.180307 0 13207.3068901 13207.3068901
1684589378.247025 0 3413.7732749 3413.7732749
1684589379.714805 0 391844.5864791 391844.5864791
1684589381.182537 0 241119.3953727 241119.3953727
1684589381.249253 0 205688.0206445 205688.0206445
1684589382.583545 0 242462.1730947 242462.1730947
1684589383.650967 0 751819.4831592 751819.4831592
1684589383.717681 0 568715.2579523 568715.2579523
1684589384.785060 0 1495357.1043284 1495357.1043284
1684589385.852494 0 872251.7015781 872251.7015781
1684589385.919208 0 559742.2202575 559742.2202575
1684589386.986634 0 4615366.1381456 4615366.1381456
1684589388.254245 0 3349.6749817 3349.6749817
1684589388.320962 0 142654.9854256 142654.9854256
1684589389.255021 0 115985.6633009 115985.6633009
1684589389.321741 0 117736.7099830 117736.7099830
1684589390.389241 0 0.0000000 494.7761388
1684589391.456704 0 72105.5509691 72105.5509691
1684589391.523420 0 75378.6517326 75378.6517326
1684589392.590871 0 0.0000000 331.8456276
1684589393.991905 0 22101.2888803 22101.2888803
1684589395.459619 0 278005.4130863 278005.4130863
1684589395.526334 0 0.0000000 199.0309743
1684589396.593767 0 172847.4501073 172847.4501073
1684589397.661193 0 0.0000000 574.5756842
1684589397.727907 0 0.0000000 574.5756842
1684589398.995438 0 0.0000000 826.9321754
1684589400.396461 0 16108.5351070 16108.5351070
1684589401.463939 0 0.0000000 385.9190132
1684589401.530657 0 0.0000000 385.9190132
1684589402.598133 0 162947.8414184 162947.8414184
1684589403.799022 0 115872.2367862 115872.2367862
1684589405.001255 0 178774.5698759 178774.5698759
1684589406.613958 0 17803.0957648 17803.0957648
1684589408.499105 0 42766.0639626 42766.0639626
1684589409.506647 0 63693.9204322 63693.9204322
1684589410.715617 0 180138.5236464 180138.5236464
1684589412.394732 0 261867.0873924 261867.0873924
1684589413.402218 0 0.7994941 624.0118397
1684589414.611161 0 20.1446307 751.9898410
1684589415.685818 0 39.5071729 504.5267154
1684589417.096416 0 6676.2826824 6676.2826824
1684589418.708564 0 0.0000000 546.3930347
1684589419.783299 0 0.0000000 584.3382148
1684589420.790806 0 6683.0777319 6683.0777319
1684589421.798320 0 1277.6217740 1277.6217740
1684589423.074656 0 0.0000000 174.1206034
1684589423.141957 0 0.0000000 174.1206034
1684589424.621915 0 0.0000000 396.7862678
1684589425.697078 0 0.0000000 359.5222399
1684589426.772210 0 87.1155507 381.8242989
1684589426.839406 0 0.0000000 381.8242989
1684589427.981682 0 0.0000000 781.1161939
1684589428.048873 0 0.0000000 781.1161939
1684589429.191164 0 0.0000000 555.8746186
1684589430.803812 0 0.0000000 747.4336847
1684589432.214885 0 0.0000000 511.1209101
1684589433.558832 0 0.0000000 353.2923782
1684589433.626031 0 0.0000000 353.2923782
1684589435.305981 0 101.0086708 425.9436433
1684589436.717104 0 0.0000000 1104.7861226
1684589438.800144 0 0.0000000 956.5399312
1684589440.211195 0 88.3595517 926.6232575
1684589443.570943 0 91678.4677870 91678.4677870
1684589443.638136 0 2788.6491562 2788.6491562
1684589445.116465 0 11330.9151857 11330.9151857
1684589447.266630 0 135505.3928472 135505.3928472
1684589447.333822 0 539750.9765573 539750.9765573
1684589449.013643 0 21.9142104 1029.5875559
1684589450.760679 0 0.0000000 1891.8908602
1684589450.827874 0 0.0000000 1891.8908602
1684589452.776523 0 0.0000000 154.2478199
1684589452.843718 0 0.0000000 154.2478199
1684589454.187590 0 0.0000000 1405.1411655
1684589455.665874 0 0.0000000 790.8088988
1684589455.733066 0 0.0000000 790.8088988
1684589457.076949 0 0.0000000 666.3402007
1684589457.144144 0 0.0000000 666.3402007
1684589458.488043 0 0.0000000 213.4703745
1684589460.369529 0 0.0000000 595.2619151
1684589460.436728 0 0.0000000 595.2619151
1684589461.982253 0 0.0000000 113.5784115
1684589462.049448 0 0.0000000 113.5784115
1684589463.460531 0 0.0000000 300.1818386
1684589463.527725 0 0.0000000 300.1818386
1684589465.073213 0 0.0000000 37.4662589
1684589465.140407 0 0.0000000 37.4662589
1684589466.685880 0 132695.7483210 132695.7483210
1684589468.365749 0 0.0000000 38.6028721
1684589468.432944 0 0.0000000 38.6028721
1684589469.575253 0 14525.8951998 14525.8951998
1684589469.642447 0 10628.5386112 10628.5386112
1684589470.650369 0 15507.4729650 15507.4729650
1684589470.717565 0 2890.9977351 2890.9977351
1684589471.658329 0 73101.5204687 73101.5204687
1684589471.725528 0 0.0000000 29.9818728
1684589473.002270 0 20996.4599247 20996.4599247
1684589474.614915 0 116243.1737594 116243.1737594
1684589475.555631 0 377603.9717855 377603.9717855
1684589475.622825 0 29474.4461270 29474.4461270
1684589476.563556 0 1644187.0621199 1644187.0621199
1684589476.630752 0 108461.6236815 108461.6236815
1684589478.780951 0 0.0000000 394.0598317
1684589478.848145 0 0.0000000 394.0598317
1684589480.057628 0 0.0000000 210.7805799
1684589480.124823 0 0.0000000 210.7805799
1684589481.199945 0 1983.1706079 1983.1706079
1684589482.207894 0 0.0000000 521.3457822
1684589483.215894 0 213506.9159416 213506.9159416
1684589484.358182 0 1159.6536031 1159.6536031
1684589485.903634 0 0.0000000 664.5427063
1684589487.180316 0 0.0000000 357.8363924
1684589487.247514 0 0.0000000 357.8363924
1684589488.255473 0 0.0000000 1091.3475096
1684589488.322671 0 0.0000000 1091.3475096
1684589489.397818 0 0.0000000 615.1579943
1684589490.405745 0 0.0000000 1609.6715030
1684589491.884020 0 62.3806127 879.3018915
1684589493.966974 0 0.0000000 935.3665841
1684589494.034165 0 0.0000000 935.3665841
1684589495.109249 0 0.0000000 798.2667274
1684589496.385914 0 0.0000000 1043.4671569
1684589497.796995 0 0.0000000 810.1975510
1684589498.872175 0 0.0000000 771.6799403
1684589498.939376 0 0.0000000 771.6799403
1684589500.081665 0 0.0000000 898.3068400
1684589500.148857 0 0.0000000 898.3068400
1684589501.156744 0 0.0000000 1049.3417288
1684589501.223938 0 0.0000000 1049.3417288
1684589502.500630 0 0.0000000 826.7545070
1684589503.909801 0 0.0000000 918.0775320
1684589504.910530 0 0.0000000 867.1979474
1684589505.911246 0 0.0000000 1004.1960305
1684589507.112118 0 19.7931685 1052.8826210
1684589508.186748 0 0.0000000 1165.0628512
1684589509.665042 0 0.0000000 879.2642232
1684589509.732237 0 0.0000000 879.2642232
1684589510.805958 0 0.0000000 1003.3405971
1684589511.873477 0 0.0000000 979.0205334
1684589511.940198 0 0.0000000 979.0205334
1684589512.874211 0 0.0000000 903.2374524
1684589512.940925 0 0.0000000 903.2374524
1684589514.083230 0 0.0000000 809.1992659
1684589516.771031 0 0.0000000 1035.8916583
1684589516.838223 0 0.0000000 1035.8916583
1684589517.982889 0 0.0000000 149.8959890
1684589519.058738 0 0.0000000 127.1494591
1684589519.125906 0 10773.1896983 10773.1896983
1684589520.061962 0 0.0000000 246.0236765
1684589520.128650 0 0.0000000 246.0236765
1684589521.595844 0 0.0000000 190.4176300
1684589522.662910 0 0.0000000 343.9293379
1684589522.729601 0 0.0000000 343.9293379
1684589523.796671 1 0.0000000 243.7233191
1684589525.063841 1 0.0000000 272.8289048
1684589525.130533 1 0.0000000 272.8289048
1684589526.264301 1 0.0000000 339.0023351
1684589526.330997 1 0.0000000 339.0023351
1684589527.864994 0 0.0000000 326.0062433
1684589527.931691 0 0.0000000 326.0062433
1684589529.465664 0 0.0000000 347.4321238
1684589529.532359 0 0.0000000 347.4321238
1684589530.466064 0 0.0000000 361.7309984
1684589530.532758 0 0.0000000 361.7309984
1684589531.999993 0 0.0000000 419.9152949
1684589533.067044 0 0.0000000 1262.4188081
1684589533.133733 0 0.0000000 1262.4188081
1684589534.269469 0 0.0000000 1269.6246401
1684589534.336184 0 0.0000000 1269.6246401
1684589535.470325 0 0.0000000 937.4885937
1684589535.537040 0 0.0000000 937.4885937
1684589536.671180 0 0.0000000 1031.1340930
1684589536.737893 0 0.0000000 1031.1340930
1684589537.805309 0 0.0000000 654.3522402
1684589539.206296 0 62.1495998 1113.7463484
1684589540.206993 0 0.0000000 358.4350493
1684589541.407853 0 0.0000000 1444.3001860
1684589542.475295 0 0.0000000 526.3237212
1684589542.542011 0 0.0000000 526.3237212
1684589543.676188 0 0.0000000 718.3341263
1684589543.742905 0 0.0000000 718.3341263
1684589545.077237 0 0.0000000 777.2072789
1684589545.143954 0 0.0000000 777.2072789
1684589546.211378 0 0.0000000 496.7896213
1684589547.212091 0 0.0000000 2070.2505567
1684589548.353428 0 0.0000000 844.3147520
1684589548.420624 0 0.0000000 844.3147520
1684589551.713193 0 54001.7436297 54001.7436297
1684589553.057204 0 0.0000000 438.8191950
1684589553.124407 0 10430.4586947 10430.4586947
1684589555.879354 0 0.0000000 785.6150247
1684589555.946547 0 0.0000000 785.6150247
1684589557.559167 0 168446.2321718 168446.2321718
1684589557.626362 0 122988.6041770 122988.6041770
1684589558.970258 0 2988.8703421 2988.8703421
1684589559.037453 0 148854.2378164 148854.2378164
1684589560.381363 0 5637.5940914 5637.5940914
1684589560.448560 0 4338.1563703 4338.1563703
1684589561.859663 0 400190.3518546 400190.3518546
1684589561.926856 0 466990.9080967 466990.9080967
1684589563.270756 0 162772.5246653 162772.5246653
1684589563.337949 0 191553.1047156 191553.1047156
1684589565.084991 0 207483.8208374 207483.8208374
1684589566.563241 0 38920.9798835 38920.9798835
1684589566.630436 0 89855.4227038 89855.4227038
1684589567.974347 0 30118.1168308 30118.1168308
1684589568.041543 0 60462.6209184 60462.6209184
1684589569.385511 0 58090.0056391 58090.0056391
1684589570.863804 0 60822.8698345 60822.8698345
1684589570.931000 0 88969.1286775 88969.1286775
1684589572.678073 0 243608.0857396 243608.0857396
1684589572.745267 0 90749.8603854 90749.8603854
1684589574.089132 0 187714.7392856 187714.7392856
1684589576.978480 0 216985.3860943 216985.3860943
1684589577.045676 0 87533.7849117 87533.7849117
1684589578.389575 0 342013.1847249 342013.1847249
1684589580.271038 0 220888.4678894 220888.4678894
1684589580.338232 0 297043.4089306 297043.4089306
